0 1
2 0.9999759
4 0.9999041
6 0.999785
8 0.999619
10 0.9994065
12 0.9991479
14 0.9988438
16 0.9984944
18 0.9981003
20 0.9976618
22 0.9971793
24 0.9966533
26 0.9960842
28 0.9954724
30 0.9948183
32 0.9941223
34 0.9933849
36 0.9926064
38 0.9917874
40 0.990928
42 0.9900289
44 0.9890904
46 0.9881129
48 0.9870968
50 0.9860426
52 0.9849505
54 0.9838212
56 0.9826549
58 0.981452
60 0.980213
62 0.9789383
64 0.9776283
66 0.9762833
68 0.9749038
70 0.9734902
72 0.9720429
74 0.9705623
76 0.9690487
78 0.9675027
80 0.9659245
82 0.9643147
84 0.9626735
86 0.9610014
88 0.9592988
90 0.9575661
92 0.9558036
94 0.9540119
96 0.9521912
98 0.950342
100 0.9484646
102 0.9465595
104 0.9446271
106 0.9426677
108 0.9406818
110 0.9386697
112 0.9366318
114 0.9345685
116 0.9324803
118 0.9303674
120 0.9282304
122 0.9260695
124 0.9238852
126 0.9216779
128 0.9194479
130 0.9171957
132 0.9149216
134 0.912626
136 0.9103094
138 0.907972
140 0.9056143
142 0.9032367
144 0.9008396
146 0.8984233
148 0.8959882
150 0.8935348
152 0.8910633
154 0.8885743
156 0.886068
158 0.8835449
160 0.8810053
162 0.8784496
164 0.8758783
166 0.8732916
168 0.8706901
170 0.868074
172 0.8654437
174 0.8627997
176 0.8601423
178 0.8574719
180 0.8547888
182 0.8520935
184 0.8493864
186 0.8466677
188 0.843938
190 0.8411976
192 0.8384468
194 0.835686
196 0.8329157
198 0.8301362
200 0.8273479
202 0.8245512
204 0.8217464
206 0.8189339
208 0.8161141
210 0.8132874
212 0.8104542
214 0.8076149
216 0.8047697
218 0.8019192
220 0.7990636
222 0.7962035
224 0.793339
226 0.7904707
228 0.7875989
230 0.7847239
232 0.7818463
234 0.7789662
236 0.7760842
238 0.7732006
240 0.7703157
242 0.76743
244 0.7645438
246 0.7616576
248 0.7587716
250 0.7558863
252 0.753002
254 0.7501192
256 0.7472382
258 0.7443593
260 0.741483
262 0.7386097
264 0.7357397
266 0.7328734
268 0.7300111
270 0.7271533
272 0.7243004
274 0.7214526
276 0.7186105
278 0.7157743
280 0.7129445
282 0.7101214
284 0.7073055
286 0.704497
288 0.7016964
290 0.698904
292 0.6961203
294 0.6933456
296 0.6905803
298 0.6878248
300 0.6850794
302 0.6823445
304 0.6796206
306 0.6769076
308 0.6742053
310 0.6715139
312 0.6688332
314 0.6661632
316 0.6635039
318 0.6608552
320 0.658217
322 0.6555894
324 0.6529723
326 0.6503656
328 0.6477694
330 0.6451835
332 0.6426079
334 0.6400426
336 0.6374875
338 0.6349427
340 0.632408
342 0.6298834
344 0.6273689
346 0.6248644
348 0.62237
350 0.6198855
352 0.6174109
354 0.6149462
356 0.6124913
358 0.6100462
360 0.6076109
362 0.6051853
364 0.6027694
366 0.6003631
368 0.5979665
370 0.5955794
372 0.5932018
374 0.5908338
376 0.5884752
378 0.586126
380 0.5837861
382 0.5814557
384 0.5791345
386 0.5768226
388 0.5745199
390 0.5722264
392 0.5699421
394 0.5676668
396 0.5654007
398 0.5631436
400 0.5608956
402 0.5586565
404 0.5564263
406 0.554205
408 0.5519926
410 0.5497891
412 0.5475943
414 0.5454083
416 0.543231
418 0.5410625
420 0.5389025
422 0.5367512
424 0.5346085
426 0.5324743
428 0.5303487
430 0.5282315
432 0.5261228
434 0.5240225
436 0.5219306
438 0.5198471
440 0.5177719
442 0.5157049
444 0.5136462
446 0.5115957
448 0.5095534
450 0.5075193
452 0.5054933
454 0.5034753
456 0.5014655
458 0.4994636
460 0.4974697
462 0.4954838
464 0.4935059
466 0.4915358
468 0.4895736
470 0.4876192
472 0.4856726
474 0.4837338
476 0.4818027
478 0.4798793
480 0.4779637
482 0.4760556
484 0.4741552
486 0.4722624
488 0.4703771
490 0.4684993
492 0.4666291
494 0.4647663
496 0.462911
498 0.461063
500 0.4592224
502 0.4573892
504 0.4555633
506 0.4537447
508 0.4519334
510 0.4501292
512 0.4483323
514 0.4465426
516 0.44476
518 0.4429845
520 0.4412161
522 0.4394547
524 0.4377004
526 0.4359531
528 0.4342128
530 0.4324794
532 0.4307529
534 0.4290334
536 0.4273207
538 0.4256148
540 0.4239157
542 0.4222235
544 0.4205379
546 0.4188592
548 0.4171871
550 0.4155216
552 0.4138629
554 0.4122107
556 0.4105652
558 0.4089262
560 0.4072938
562 0.4056678
564 0.4040484
566 0.4024355
568 0.4008289
570 0.3992288
572 0.3976351
574 0.3960477
576 0.3944667
578 0.392892
580 0.3913236
582 0.3897614
584 0.3882055
586 0.3866557
588 0.3851122
590 0.3835748
592 0.3820436
594 0.3805185
596 0.3789994
598 0.3774865
600 0.3759795
602 0.3744786
604 0.3729837
606 0.3714947
608 0.3700117
610 0.3685346
612 0.3670634
614 0.3655981
616 0.3641387
618 0.362685
620 0.3612372
622 0.3597951
624 0.3583588
626 0.3569282
628 0.3555034
630 0.3540842
632 0.3526707
634 0.3512628
636 0.3498606
638 0.3484639
640 0.3470729
642 0.3456873
644 0.3443073
646 0.3429329
648 0.3415639
650 0.3402004
652 0.3388423
654 0.3374896
656 0.3361423
658 0.3348005
660 0.3334639
662 0.3321327
664 0.3308069
666 0.3294863
668 0.328171
670 0.3268609
672 0.3255561
674 0.3242564
676 0.322962
678 0.3216727
680 0.3203886
682 0.3191096
684 0.3178357
686 0.3165669
688 0.3153032
690 0.3140445
692 0.3127908
694 0.3115422
696 0.3102985
698 0.3090598
700 0.307826
702 0.3065972
704 0.3053732
706 0.3041542
708 0.30294
710 0.3017306
712 0.3005261
714 0.2993264
716 0.2981315
718 0.2969414
720 0.295756
722 0.2945753
724 0.2933994
726 0.2922281
728 0.2910615
730 0.2898996
732 0.2887423
734 0.2875897
736 0.2864416
738 0.2852981
740 0.2841592
742 0.2830249
744 0.281895
746 0.2807697
748 0.2796489
750 0.2785325
752 0.2774206
754 0.2763131
756 0.2752101
758 0.2741114
760 0.2730172
762 0.2719273
764 0.2708418
766 0.2697606
768 0.2686837
770 0.2676111
772 0.2665428
774 0.2654787
776 0.2644189
778 0.2633634
780 0.262312
782 0.2612649
784 0.2602219
786 0.2591831
788 0.2581484
790 0.2571179
792 0.2560915
794 0.2550692
796 0.2540509
798 0.2530367
800 0.2520266
802 0.2510205
804 0.2500184
806 0.2490204
808 0.2480263
810 0.2470362
812 0.24605
814 0.2450678
816 0.2440894
818 0.243115
820 0.2421445
822 0.2411779
824 0.2402151
826 0.2392561
828 0.238301
830 0.2373497
832 0.2364022
834 0.2354585
836 0.2345186
838 0.2335824
840 0.2326499
842 0.2317212
844 0.2307961
846 0.2298748
848 0.2289571
850 0.2280431
852 0.2271328
854 0.226226
856 0.225323
858 0.2244235
860 0.2235276
862 0.2226352
864 0.2217465
866 0.2208613
868 0.2199796
870 0.2191014
872 0.2182268
874 0.2173556
876 0.2164879
878 0.2156237
880 0.2147629
882 0.2139056
884 0.2130517
886 0.2122012
888 0.2113541
890 0.2105103
892 0.20967
894 0.208833
896 0.2079993
898 0.207169
900 0.2063419
902 0.2055182
904 0.2046978
906 0.2038806
908 0.2030667
910 0.2022561
912 0.2014487
914 0.2006445
916 0.1998435
918 0.1990458
920 0.1982512
922 0.1974597
924 0.1966715
926 0.1958864
928 0.1951044
930 0.1943255
932 0.1935498
934 0.1927771
936 0.1920076
938 0.1912411
940 0.1904776
942 0.1897172
944 0.1889599
946 0.1882055
948 0.1874542
950 0.1867059
952 0.1859606
954 0.1852182
956 0.1844788
958 0.1837424
960 0.1830089
962 0.1822783
964 0.1815507
966 0.1808259
968 0.180104
970 0.1793851
972 0.178669
974 0.1779557
976 0.1772453
978 0.1765377
980 0.175833
982 0.1751311
984 0.174432
986 0.1737356
988 0.1730421
990 0.1723513
992 0.1716633
994 0.170978
996 0.1702954
998 0.1696156
1000 0.1689385
